# Created by Octave 3.8.2, Thu May 07 23:58:59 2015 CEST <kaditx@kaditx>
# name: c
# type: matrix
# rows: 1
# columns: 199
 0.09391962530336832 0.4037230764755154 0.9846426979466628 1.746995793336894 1.801045797084059 2.515514462788428 2.970719859107791 2.870696562604408 3.274652156243116 3.091140237630194 3.550363482945905 4.044433752062011 4.098512476025754 4.316341767791156 4.27835972638824 4.163754069083788 3.899315341236818 4.463856610306135 4.903713051468438 5.363665971991161 5.77186781549202 5.815033716203489 6.21551710286581 6.872425747006952 7.294472178431771 7.667354071697761 6.83883553255457 6.510927815434152 7.354241999304565 7.433253178601795 7.44063218687098 6.947345627362683 7.688989960047882 7.74562006528361 8.391182781955507 8.668786731301443 9.040789614798976 9.714360154929853 9.13538696482116 9.884809931069002 10.86845581513886 9.807964439229236 10.19470363842462 10.11472441231947 10.02560900378384 10.55509777167613 10.41315385179658 9.932321158390664 10.33779474777411 10.76927126485883 11.35280851772739 11.78989407205804 12.35937828425859 11.68942593444043 13.57867271661277 12.87754134129413 12.92736366032782 13.80035182512896 12.99626764362738 14.82413346610461 13.08813154031933 12.98614548350086 14.61384771021007 14.53653966370325 15.24948393452617 14.78406390219137 15.12583474364167 15.64745682693862 15.72435667333228 16.35501716881791 16.2252286146976 16.76760596772393 16.98506450933927 17.19975060687361 18.23294047152373 17.82083332156474 18.87704948937522 17.98171900554775 18.06255893807502 17.63368305779516 17.80257951414736 18.65788171154888 18.90132345317065 19.63285817800346 18.96962046566667 19.58361577827115 19.73459444333599 18.36861222687535 20.31678353497188 19.52595858546054 21.92994714984903 20.99378489501675 21.90186622739058 22.0268327162648 21.90344251701644 20.2441238331054 21.03047763793684 20.60074751610873 20.31607944079034 20.27052080094063 22.44983897849744 19.52011161801885 22.43851682369359 20.14648588175316 21.1522181560896 20.00089408697838 19.96091687882146 20.19118498154301 19.55255148281368 19.14306477766146 19.87169189697788 18.9074959049392 18.57453735933586 18.55067588500942 18.33793602529703 17.99236066532293 18.66217935568926 16.88985891558512 17.20861283497091 16.37005695210511 17.77218356730321 16.13635942978183 16.82634641102511 15.87907008254338 15.75812980391359 14.58027588894406 15.94518504872733 15.22604655245432 14.60839311877989 14.7674875623948 14.80150761783626 14.08040372841546 13.59556617630169 13.13424121530479 14.33521275773051 12.1486930141068 14.56106245676782 13.42588032706421 13.03971536788236 12.71654801303641 14.19570986092418 11.11676456615349 11.91432213848713 11.8930896417886 11.96289274970916 10.57196458910778 12.45300366817501 11.38224882348993 11.59972749578698 11.14726551237469 11.29385868061784 10.47050947193429 9.728708828204143 10.78232912208696 9.642190780311747 9.267539127570881 9.904090941920385 9.611913308967431 9.68019543522427 8.102102713606772 9.627403656330712 7.672034763481492 8.032161401658286 6.909792962818456 7.150374749417714 5.756307578888823 7.671127484557417 5.558781220241839 5.797874316498263 5.734838468541459 5.985026609501451 4.68508732895877 5.389873503316403 4.998341122409286 4.503020664932378 4.630114512366746 3.828694983600598 4.432640529113143 3.823737955784993 4.189348666254232 3.823559967459975 3.815461508635868 3.431619473287872 3.419135789716694 3.715616068376381 2.378466030574937 3.065535640842429 2.709438207686193 2.220633460750913 1.289080636646612 2.147513054533539 1.061189181419391 1.079652821674412 0.6434477212133035 0.9821113870729915 0.2256481267641718 0.9157925213966964 0.05075052266074438 0.2425542017175783


