# Created by Octave 3.8.2, Fri May 01 15:44:01 2015 CEST <kaditx@kaditx>
# name: a
# type: matrix
# rows: 1
# columns: 100
 0.7983270873770538 0.7207476255155199 0.8026629438503077 0.9924037886707433 0.4191760061233453 0.5706566628090591 0.4151779893064357 0.2404100758347067 0.6335121639105522 0.4822668303460685 0.08865498936480525 0.09457025096862874 0.2868862077630749 0.1902654475477472 0.4113693586443611 0.3648466992918538 0.496986939386536 0.782672862732819 0.6974409655140947 0.664083820857417 0.5498926342076443 0.145948435964902 0.7360863411345647 0.4908432432922864 0.4148392125068177 0.6224569667479873 0.4246859300396321 0.8307964152810201 0.08136911512783256 0.7707866276019913 0.2069616778310698 0.7027385727512856 0.4074001171099543 0.4377856401569103 0.7934386304438397 0.6850278111330595 0.007383680230300937 0.5676820754134805 0.3518696480167742 0.3160441001911548 0.3578065925938798 0.6400799790100423 0.2397340961072766 0.6809183822709258 0.1443898313034106 0.09353416855858536 0.561768955371216 0.69180480031808 0.2197540802592148 0.9179990343455231 0.08521374185771206 0.8844490928108154 0.6034927954270148 0.5091404078506976 0.488039146317579 0.1942691189969909 0.2910403422491993 0.2551419645226663 0.2898110691213062 0.2319805523001929 0.6963902478546187 0.6445863357364143 0.9108728658862306 0.2280573044872703 0.8236175847551358 0.587412475485385 0.1858706502781229 0.9127932277992451 0.1284525779117294 0.8304525975936538 0.6509093824523327 0.7569668291091957 0.5613159759895948 0.7897357377149332 0.04159748490791608 0.504847072868458 0.3584561123330978 0.01481081697010327 0.3002811793260874 0.1615535556979812 0.6794854439300415 0.3337786717225031 0.1338820126405822 0.2434073325384833 0.6421609078436992 0.1895073931713926 0.1790942148237726 0.4941778440145606 0.08893765759695764 0.3971812029062032 0.5654009851345557 0.429072687297292 0.02621498162835172 0.6626415618978849 0.5548875272399799 0.1619086414104369 0.03289484797128077 0.9045839640473912 0.06198341873310435 0.5703724195131177


# name: b
# type: matrix
# rows: 1
# columns: 100
 0.1176455450258443 0.399498318782495 0.7544219948294971 0.9592979654767204 0.07303980175804829 0.8888483324185648 0.909892011564476 0.5037869266049532 0.2972175889019905 0.3329860801665936 0.928475644165603 0.8491477713728696 0.9518986906773115 0.4991132838007271 0.05639138287433169 0.2663680964109669 0.6308241855974689 0.8728816003750101 0.2423165301448765 0.1317561277213949 0.5097789539248829 0.8967468011731775 0.7904925235161085 0.9434082483746894 0.2819680772143947 0.09467304792674795 0.02917989207227649 0.002885411792056747 0.5866020894502738 0.03802612773575902 0.152966134708208 0.1642208968927674 0.7149864145798218 0.9106698877937532 0.03928639604587296 0.2168764603059136 0.3328689080966928 0.9180289867649577 0.1641247077773521 0.4468750848602761 0.7929179470622864 0.09156492895009032 0.8730327540569984 0.5441365839270685 0.1143190040777919 0.1895167581813907 0.5001425754847112 0.4564000274804257 0.01753720096678717 0.8032068581307821 0.5008694294626552 0.9411449607024475 0.1319837330344507 0.778671639463649 0.5837119937573386 0.006921154713529764 0.9486807146246362 0.7291595925335879 0.0804261746547567 0.9945461544110707 0.3745677961075357 0.4599680822367649 0.1834711626431642 0.902308485045223 0.2420520859824761 0.3404724538699197 0.3372090277402758 0.729154519600123 0.3923183930168793 0.5861888481052659 0.01837970891109202 0.1948298591588604 0.05516083320005875 0.9588170588114139 0.3515063942387137 0.6850319546041278 0.9899667410143739 0.4827181420726921 0.2742450820897888 0.1779031888538901 0.4791997741477688 0.3176806931554082 0.7734118942370551 0.2107755829525029 0.3435466752958717 0.8897752000223211 0.6907756880415821 0.9765168980115674 0.8117949893203374 0.9467663397538504 0.8428271051094184 0.7034723128740541 0.2298141304242353 0.8781071350980606 0.3158941723828274 0.1072616440858633 0.2025804948462452 0.926521337158482 0.0427645361137217 0.4252558388510928


