# Created by Libmatthread, HOLA HOLA
# name: c
# type: matrix
# rows: 1
# columns: 199
0.0939196253033683 0.4037230764755154 0.9846426979466628 1.7469957933368941 1.8010457970840593 2.5155144627884283 2.9707198591077916 2.8706965626044080 3.2746521562431167 3.0911402376301945 3.5503634829459047 4.0444337520620111 4.0985124760257539 4.3163417677911551 4.2783597263882396 4.1637540690837885 3.8993153412368189 4.4638566103061358 4.9037130514684387 5.3636659719911605 5.7718678154920202 5.8150337162034885 6.2155171028658091 6.8724257470069528 7.2944721784317710 7.6673540716977606 6.8388355325545701 6.5109278154341519 7.3542419993045658 7.4332531786017945 7.4406321868709774 6.9473456273626826 7.6889899600478824 7.7456200652836102 8.3911827819555067 8.6687867313014429 9.0407896147989764 9.7143601549298532 9.1353869648211600 9.8848099310690008 10.8684558151388589 9.8079644392292353 10.1947036384246199 10.1147244123194682 10.0256090037838387 10.5550977716761335 10.4131538517965796 9.9323211583906630 10.3377947477741115 10.7692712648588265 11.3528085177273875 11.7898940720580360 12.3593782842585907 11.6894259344404229 13.5786727166127654 12.8775413412941334 12.9273636603278227 13.8003518251289598 12.9962676436273792 14.8241334661046073 13.0881315403193366 12.9861454835008636 14.6138477102100716 14.5365396637032471 15.2494839345261619 14.7840639021913771 15.1258347436416649 15.6474568269386224 15.7243566733322881 16.3550171688179034 16.2252286146976009 16.7676059677239249 16.9850645093392718 17.1997506068736066 18.2329404715237369 17.8208333215647473 18.8770494893752197 17.9817190055477538 18.0625589380750151 17.6336830577951655 17.8025795141473700 18.6578817115488724 18.9013234531706453 19.6328581780034582 18.9696204656666662 19.5836157782711463 19.7345944433359903 18.3686122268753418 20.3167835349718728 19.5259585854605449 21.9299471498490337 20.9937848950167559 21.9018662273905759 22.0268327162648018 21.9034425170164360 20.2441238331053892 21.0304776379368483 20.6007475161087200 20.3160794407903419 20.2705208009406412 22.4498389784974522 19.5201116180188502 22.4385168236935905 20.1464858817531619 21.1522181560895955 20.0008940869783805 19.9609168788214670 20.1911849815430018 19.5525514828136780 19.1430647776614586 19.8716918969778756 18.9074959049391946 18.5745373593358556 18.5506758850094198 18.3379360252970333 17.9923606653229387 18.6621793556892650 16.8898589155851151 17.2086128349709053 16.3700569521051133 17.7721835673032085 16.1363594297818315 16.8263464110251151 15.8790700825433840 15.7581298039135939 14.5802758889440595 15.9451850487273224 15.2260465524543314 14.6083931187798863 14.7674875623947998 14.8015076178362623 14.0804037284154603 13.5955661763016902 13.1342412153047946 14.3352127577305109 12.1486930141068025 14.5610624567678178 13.4258803270642147 13.0397153678823596 12.7165480130364114 14.1957098609241787 11.1167645661534857 11.9143221384871278 11.8930896417885995 11.9628927497091623 10.5719645891077777 12.4530036681750122 11.3822488234899294 11.5997274957869858 11.1472655123746948 11.2938586806178430 10.4705094719342850 9.7287088282041430 10.7823291220869643 9.6421907803117468 9.2675391275708803 9.9040909419203856 9.6119133089674335 9.6801954352242703 8.1021027136067726 9.6274036563307147 7.6720347634814954 8.0321614016582853 6.9097929628184570 7.1503747494177158 5.7563075788888227 7.6711274845574175 5.5587812202418384 5.7978743164982632 5.7348384685414604 5.9850266095014502 4.6850873289587698 5.3898735033164034 4.9983411224092863 4.5030206649323776 4.6301145123667468 3.8286949836005984 4.4326405291131435 3.8237379557849926 4.1893486662542312 3.8235599674599741 3.8154615086358677 3.4316194732878721 3.4191357897166929 3.7156160683763818 2.3784660305749367 3.0655356408424288 2.7094382076861933 2.2206334607509126 1.2890806366466118 2.1475130545335397 1.0611891814193911 1.0796528216744123 0.6434477212133035 0.9821113870729915 0.2256481267641719 0.9157925213966964 0.0507505226607444 0.2425542017175783 
